17.450632095336914062500000000000
21.513622283935546875000000000000
19.909847259521484375000000000000
12.150291442871093750000000000000
13.787252426147460937500000000000
16.618957519531250000000000000000
16.894325256347656250000000000000
16.717535018920898437500000000000
17.716970443725585937500000000000
16.001728057861328125000000000000
17.188602447509765625000000000000
26.689556121826171875000000000000
21.016447067260742187500000000000
21.796791076660156250000000000000
13.975288391113281250000000000000
20.459369659423828125000000000000
31.121356964111328125000000000000
6.206813335418701171875000000000
10.957232475280761718750000000000
16.749078750610351562500000000000
19.732927322387695312500000000000
22.832683563232421875000000000000
21.709026336669921875000000000000
22.959629058837890625000000000000
18.178956985473632812500000000000
23.480792999267578125000000000000
33.263141632080078125000000000000
19.906694412231445312500000000000
13.365031242370605468750000000000
11.617259025573730468750000000000
10.809967994689941406250000000000
17.989000320434570312500000000000
14.639765739440917968750000000000
19.286899566650390625000000000000
23.755321502685546875000000000000
12.028086662292480468750000000000
19.042955398559570312500000000000
23.915695190429687500000000000000
14.475522994995117187500000000000
16.461347579956054687500000000000
20.567436218261718750000000000000
26.342443466186523437500000000000
17.311552047729492187500000000000
15.685916900634765625000000000000
9.126646041870117187500000000000
15.251588821411132812500000000000
20.299579620361328125000000000000
16.350357055664062500000000000000
16.786766052246093750000000000000
17.999095916748046875000000000000
12.707930564880371093750000000000
18.980297088623046875000000000000
15.958303451538085937500000000000
29.003044128417968750000000000000
9.823106765747070312500000000000
15.037889480590820312500000000000
18.667381286621093750000000000000
25.023931503295898437500000000000
21.840244293212890625000000000000
14.007375717163085937500000000000
17.028043746948242187500000000000
18.603549957275390625000000000000
24.738704681396484375000000000000
19.163206100463867187500000000000
19.455995559692382812500000000000
14.714427947998046875000000000000
12.633322715759277343750000000000
22.161647796630859375000000000000
11.017609596252441406250000000000
19.318046569824218750000000000000
19.134746551513671875000000000000
17.564065933227539062500000000000
13.640277862548828125000000000000
19.285024642944335937500000000000
18.859563827514648437500000000000
11.373485565185546875000000000000
17.944269180297851562500000000000
12.354187965393066406250000000000
17.566368103027343750000000000000
15.068311691284179687500000000000
13.068318367004394531250000000000
20.961767196655273437500000000000
19.657096862792968750000000000000
17.960227966308593750000000000000
18.071321487426757812500000000000
19.660131454467773437500000000000
20.405158996582031250000000000000
10.029623985290527343750000000000
13.070237159729003906250000000000
19.492214202880859375000000000000
16.831613540649414062500000000000
17.975660324096679687500000000000
12.783308982849121093750000000000
18.821939468383789062500000000000
22.099973678588867187500000000000
35.598045349121093750000000000000
13.094080924987792968750000000000
13.296819686889648437500000000000
15.816945075988769531250000000000
9.047125816345214843750000000000
19.370763778686523437500000000000
20.069814682006835937500000000000
34.218917846679687500000000000000
25.029638290405273437500000000000
18.700469970703125000000000000000
23.194948196411132812500000000000
19.990137100219726562500000000000
22.225551605224609375000000000000
17.562488555908203125000000000000
17.896547317504882812500000000000
17.686157226562500000000000000000
13.754939079284667968750000000000
13.639813423156738281250000000000
18.616380691528320312500000000000
13.141026496887207031250000000000
16.188480377197265625000000000000
25.717157363891601562500000000000
19.620464324951171875000000000000
16.040493011474609375000000000000
26.480514526367187500000000000000
21.008525848388671875000000000000
27.212730407714843750000000000000
12.890678405761718750000000000000
15.307001113891601562500000000000
27.039741516113281250000000000000
20.489740371704101562500000000000
27.021163940429687500000000000000
15.707254409790039062500000000000
11.737709999084472656250000000000
31.475887298583984375000000000000
31.628803253173828125000000000000
18.063838958740234375000000000000
27.411462783813476562500000000000
17.077178955078125000000000000000
16.065830230712890625000000000000
16.444145202636718750000000000000
22.353929519653320312500000000000
21.635911941528320312500000000000
14.938621520996093750000000000000
19.375228881835937500000000000000
34.543083190917968750000000000000
17.200431823730468750000000000000
17.906648635864257812500000000000
24.316947937011718750000000000000
20.177259445190429687500000000000
9.649118423461914062500000000000
14.360717773437500000000000000000
17.903532028198242187500000000000
17.021636962890625000000000000000
20.637155532836914062500000000000
20.740261077880859375000000000000
15.906012535095214843750000000000
11.901268005371093750000000000000
27.278835296630859375000000000000
14.077961921691894531250000000000
15.907151222229003906250000000000
18.904329299926757812500000000000
20.853103637695312500000000000000
18.337291717529296875000000000000
18.592384338378906250000000000000
19.105148315429687500000000000000
18.050495147705078125000000000000
25.166458129882812500000000000000
10.190018653869628906250000000000
19.536216735839843750000000000000
15.322528839111328125000000000000
21.837781906127929687500000000000
21.373861312866210937500000000000
7.603365421295166015625000000000
20.174722671508789062500000000000
19.883256912231445312500000000000
17.946828842163085937500000000000
17.574785232543945312500000000000
23.763725280761718750000000000000
21.026973724365234375000000000000
9.272022247314453125000000000000
21.479169845581054687500000000000
23.663665771484375000000000000000
14.764093399047851562500000000000
19.154439926147460937500000000000
16.130989074707031250000000000000
19.088949203491210937500000000000
21.182992935180664062500000000000
18.242256164550781250000000000000
18.449878692626953125000000000000
19.829730987548828125000000000000
20.991384506225585937500000000000
11.168981552124023437500000000000
16.590106964111328125000000000000
17.386539459228515625000000000000
17.673139572143554687500000000000
18.164506912231445312500000000000
16.160984039306640625000000000000
37.003608703613281250000000000000
17.911430358886718750000000000000
16.252166748046875000000000000000
15.762207984924316406250000000000
17.257089614868164062500000000000
23.416774749755859375000000000000
15.446165084838867187500000000000
16.036077499389648437500000000000
14.780099868774414062500000000000
16.685314178466796875000000000000
15.020405769348144531250000000000
20.221984863281250000000000000000
10.828641891479492187500000000000
20.981512069702148437500000000000
20.063562393188476562500000000000
26.823553085327148437500000000000
18.600318908691406250000000000000
14.989025115966796875000000000000
17.399486541748046875000000000000
13.177602767944335937500000000000
18.308639526367187500000000000000
18.359996795654296875000000000000
19.851966857910156250000000000000
31.107452392578125000000000000000
14.620488166809082031250000000000
19.589796066284179687500000000000
17.623035430908203125000000000000
14.118641853332519531250000000000
14.415866851806640625000000000000
18.544574737548828125000000000000
19.489097595214843750000000000000
17.171911239624023437500000000000
20.523580551147460937500000000000
14.285837173461914062500000000000
19.363470077514648437500000000000
30.547344207763671875000000000000
12.586941719055175781250000000000
20.575885772705078125000000000000
19.477792739868164062500000000000
17.180665969848632812500000000000
9.204127311706542968750000000000
21.932849884033203125000000000000
22.052349090576171875000000000000
16.446056365966796875000000000000
13.180795669555664062500000000000
19.814065933227539062500000000000
11.786510467529296875000000000000
18.162952423095703125000000000000
16.272396087646484375000000000000
19.981100082397460937500000000000
18.740320205688476562500000000000
18.203989028930664062500000000000
24.721555709838867187500000000000
19.384937286376953125000000000000
18.917173385620117187500000000000
24.667427062988281250000000000000
21.462211608886718750000000000000
17.453231811523437500000000000000
15.427427291870117187500000000000
16.801006317138671875000000000000
8.612846374511718750000000000000
16.289134979248046875000000000000
19.276811599731445312500000000000
30.435638427734375000000000000000
21.225229263305664062500000000000
17.546503067016601562500000000000
17.741968154907226562500000000000
12.444101333618164062500000000000
12.787999153137207031250000000000
20.839843750000000000000000000000
31.806066513061523437500000000000
24.269451141357421875000000000000
21.568389892578125000000000000000
21.740430831909179687500000000000
20.431928634643554687500000000000
21.086280822753906250000000000000
13.261066436767578125000000000000
19.641685485839843750000000000000
24.953300476074218750000000000000
15.725684165954589843750000000000
9.342555999755859375000000000000
21.583122253417968750000000000000
11.214946746826171875000000000000
18.926816940307617187500000000000
16.077287673950195312500000000000
20.400295257568359375000000000000
20.044473648071289062500000000000
16.352209091186523437500000000000
31.349437713623046875000000000000
17.742708206176757812500000000000
19.153129577636718750000000000000
19.289108276367187500000000000000
22.829689025878906250000000000000
36.480258941650390625000000000000
15.708337783813476562500000000000
17.336521148681640625000000000000
9.654374122619628906250000000000
11.510073661804199218750000000000
21.795158386230468750000000000000
16.783184051513671875000000000000
12.069123268127441406250000000000
21.424989700317382812500000000000
13.288553237915039062500000000000
19.589029312133789062500000000000
22.743061065673828125000000000000
26.225643157958984375000000000000
21.650020599365234375000000000000
20.808567047119140625000000000000
17.853170394897460937500000000000
20.840913772583007812500000000000
27.740776062011718750000000000000
15.540986061096191406250000000000
21.431734085083007812500000000000
19.397872924804687500000000000000
18.034877777099609375000000000000
18.225921630859375000000000000000
15.818589210510253906250000000000
18.299978256225585937500000000000
20.108146667480468750000000000000
13.843765258789062500000000000000
18.153764724731445312500000000000
17.275962829589843750000000000000
18.640670776367187500000000000000
25.521827697753906250000000000000
18.051246643066406250000000000000
23.431369781494140625000000000000
18.345720291137695312500000000000
17.977745056152343750000000000000
19.278768539428710937500000000000
17.774478912353515625000000000000
19.141681671142578125000000000000
10.594160079956054687500000000000
13.551913261413574218750000000000
16.189332962036132812500000000000
15.173951148986816406250000000000
21.420499801635742187500000000000
20.426952362060546875000000000000
29.453121185302734375000000000000
17.850612640380859375000000000000
15.433827400207519531250000000000
23.227104187011718750000000000000
18.119091033935546875000000000000
16.305862426757812500000000000000
17.503604888916015625000000000000
14.930490493774414062500000000000
18.211000442504882812500000000000
17.515243530273437500000000000000
24.028202056884765625000000000000
20.076967239379882812500000000000
7.250036239624023437500000000000
14.145524978637695312500000000000
15.563380241394042968750000000000
16.933879852294921875000000000000
16.585180282592773437500000000000
10.374893188476562500000000000000
11.682131767272949218750000000000
11.811988830566406250000000000000
21.109333038330078125000000000000
21.297494888305664062500000000000
17.913715362548828125000000000000
13.572171211242675781250000000000
22.209312438964843750000000000000
17.238365173339843750000000000000
17.652469635009765625000000000000
17.884372711181640625000000000000
18.221281051635742187500000000000
23.177141189575195312500000000000
19.010288238525390625000000000000
11.785045623779296875000000000000
15.048263549804687500000000000000
20.670555114746093750000000000000
17.943937301635742187500000000000
15.440939903259277343750000000000
22.426462173461914062500000000000
17.351810455322265625000000000000
14.134328842163085937500000000000
18.795707702636718750000000000000
16.682739257812500000000000000000
17.262205123901367187500000000000
20.678337097167968750000000000000
18.871803283691406250000000000000
20.664205551147460937500000000000
22.914855957031250000000000000000
18.933525085449218750000000000000
17.573963165283203125000000000000
17.968181610107421875000000000000
27.846258163452148437500000000000
23.293302536010742187500000000000
20.005792617797851562500000000000
11.975243568420410156250000000000
24.155248641967773437500000000000
18.817232131958007812500000000000
29.988685607910156250000000000000
17.480449676513671875000000000000
16.174890518188476562500000000000
35.546356201171875000000000000000
12.016963958740234375000000000000
22.851570129394531250000000000000
21.957555770874023437500000000000
18.855766296386718750000000000000
17.202253341674804687500000000000
20.592622756958007812500000000000
11.302721977233886718750000000000
26.182239532470703125000000000000
18.779266357421875000000000000000
15.647285461425781250000000000000
13.170555114746093750000000000000
18.041702270507812500000000000000
19.679521560668945312500000000000
15.695234298706054687500000000000
18.107757568359375000000000000000
21.430618286132812500000000000000
16.299932479858398437500000000000
20.232563018798828125000000000000
19.428464889526367187500000000000
15.205666542053222656250000000000
18.412549972534179687500000000000
17.745269775390625000000000000000
16.989896774291992187500000000000
17.878316879272460937500000000000
23.279930114746093750000000000000
16.130353927612304687500000000000
17.975807189941406250000000000000
17.109073638916015625000000000000
16.386615753173828125000000000000
17.896614074707031250000000000000
13.832366943359375000000000000000
12.646080970764160156250000000000
21.258277893066406250000000000000
20.913959503173828125000000000000
22.700035095214843750000000000000
14.975338935852050781250000000000
20.520257949829101562500000000000
14.217279434204101562500000000000
19.304252624511718750000000000000
24.518724441528320312500000000000
22.001331329345703125000000000000
17.853742599487304687500000000000
34.872268676757812500000000000000
18.441015243530273437500000000000
20.406812667846679687500000000000
20.932388305664062500000000000000
14.568555831909179687500000000000
15.925871849060058593750000000000
17.831583023071289062500000000000
12.515718460083007812500000000000
15.867277145385742187500000000000
22.672489166259765625000000000000
13.256922721862792968750000000000
22.027814865112304687500000000000
14.714338302612304687500000000000
19.763114929199218750000000000000
20.593706130981445312500000000000
20.907573699951171875000000000000
20.534461975097656250000000000000
16.807807922363281250000000000000
16.778112411499023437500000000000
18.858161926269531250000000000000
12.998399734497070312500000000000
19.318183898925781250000000000000
18.445644378662109375000000000000
18.395236968994140625000000000000
18.699394226074218750000000000000
19.747888565063476562500000000000
25.269891738891601562500000000000
19.196079254150390625000000000000
21.603773117065429687500000000000
16.019979476928710937500000000000
16.235452651977539062500000000000
21.486183166503906250000000000000
20.641675949096679687500000000000
17.842897415161132812500000000000
29.913215637207031250000000000000
20.030961990356445312500000000000
16.679986953735351562500000000000
13.569630622863769531250000000000
18.027053833007812500000000000000
27.064504623413085937500000000000
12.697792053222656250000000000000
18.514095306396484375000000000000
15.390826225280761718750000000000
20.896041870117187500000000000000
15.997398376464843750000000000000
20.467790603637695312500000000000
13.782281875610351562500000000000
15.820769309997558593750000000000
17.871858596801757812500000000000
17.158475875854492187500000000000
19.987993240356445312500000000000
24.539890289306640625000000000000
21.595027923583984375000000000000
19.040555953979492187500000000000
22.464481353759765625000000000000
31.209756851196289062500000000000
22.075040817260742187500000000000
20.537376403808593750000000000000
15.354134559631347656250000000000
24.491840362548828125000000000000
16.040021896362304687500000000000
16.529619216918945312500000000000
19.037263870239257812500000000000
22.794292449951171875000000000000
22.065187454223632812500000000000
19.576023101806640625000000000000
19.511348724365234375000000000000
16.993141174316406250000000000000
18.096387863159179687500000000000
23.110393524169921875000000000000
15.905001640319824218750000000000
18.154209136962890625000000000000
18.807630538940429687500000000000
20.092086791992187500000000000000
17.766498565673828125000000000000
21.918621063232421875000000000000
20.002901077270507812500000000000
17.712757110595703125000000000000
22.060604095458984375000000000000
20.643964767456054687500000000000
18.718540191650390625000000000000
18.616077423095703125000000000000
17.407821655273437500000000000000
16.825288772583007812500000000000
12.659840583801269531250000000000
15.593376159667968750000000000000
15.448945999145507812500000000000
18.227952957153320312500000000000
21.256942749023437500000000000000
21.185630798339843750000000000000
17.348232269287109375000000000000
23.806581497192382812500000000000
14.744440078735351562500000000000
13.218019485473632812500000000000
10.713479042053222656250000000000
13.006312370300292968750000000000
17.279859542846679687500000000000
21.053802490234375000000000000000
18.478965759277343750000000000000
16.788864135742187500000000000000
13.877132415771484375000000000000
22.586399078369140625000000000000
25.655282974243164062500000000000
24.148389816284179687500000000000
18.613780975341796875000000000000
22.346746444702148437500000000000
27.972999572753906250000000000000
17.665895462036132812500000000000
16.627780914306640625000000000000
18.147285461425781250000000000000
24.911607742309570312500000000000
21.578586578369140625000000000000
17.120548248291015625000000000000
19.539421081542968750000000000000
21.595350265502929687500000000000
15.090248107910156250000000000000
15.558906555175781250000000000000
18.300445556640625000000000000000
22.098865509033203125000000000000
19.497804641723632812500000000000
18.257768630981445312500000000000
16.641324996948242187500000000000
21.253662109375000000000000000000
22.218662261962890625000000000000
12.367725372314453125000000000000
30.991878509521484375000000000000
13.029657363891601562500000000000
12.796686172485351562500000000000
21.740779876708984375000000000000
22.225198745727539062500000000000
21.155496597290039062500000000000
21.082128524780273437500000000000
32.514270782470703125000000000000
17.747131347656250000000000000000
17.175064086914062500000000000000
19.391986846923828125000000000000
20.238622665405273437500000000000
11.438412666320800781250000000000
17.982280731201171875000000000000
14.983690261840820312500000000000
21.451333999633789062500000000000
18.531520843505859375000000000000
16.835273742675781250000000000000
17.907339096069335937500000000000
20.697341918945312500000000000000
17.775861740112304687500000000000
25.574617385864257812500000000000
15.551487922668457031250000000000
14.992141723632812500000000000000
15.467481613159179687500000000000
16.496149063110351562500000000000
27.361125946044921875000000000000
25.245805740356445312500000000000
11.936141014099121093750000000000
15.743180274963378906250000000000
16.843252182006835937500000000000
20.717851638793945312500000000000
17.599506378173828125000000000000
22.761695861816406250000000000000
12.526715278625488281250000000000
15.792549133300781250000000000000
25.516845703125000000000000000000
7.346590042114257812500000000000
17.983854293823242187500000000000
26.022686004638671875000000000000
19.297346115112304687500000000000
26.669862747192382812500000000000
22.150939941406250000000000000000
14.382907867431640625000000000000
20.649492263793945312500000000000
17.475652694702148437500000000000
18.869808197021484375000000000000
25.957136154174804687500000000000
23.958831787109375000000000000000
24.203771591186523437500000000000
25.403476715087890625000000000000
18.005733489990234375000000000000
14.965073585510253906250000000000
16.216526031494140625000000000000
16.288324356079101562500000000000
16.397605895996093750000000000000
18.359773635864257812500000000000
21.385314941406250000000000000000
14.779893875122070312500000000000
17.153055191040039062500000000000
14.213569641113281250000000000000
13.853713989257812500000000000000
14.348121643066406250000000000000
19.945463180541992187500000000000
16.861366271972656250000000000000
22.423339843750000000000000000000
29.258869171142578125000000000000
20.192588806152343750000000000000
15.121232986450195312500000000000
16.800964355468750000000000000000
17.161962509155273437500000000000
15.603546142578125000000000000000
15.818375587463378906250000000000
20.242275238037109375000000000000
22.077470779418945312500000000000
15.830555915832519531250000000000
29.313236236572265625000000000000
14.958726882934570312500000000000
14.970041275024414062500000000000
24.649795532226562500000000000000
17.631792068481445312500000000000
18.454101562500000000000000000000
18.144926071166992187500000000000
28.744972229003906250000000000000
20.972045898437500000000000000000
18.968122482299804687500000000000
23.000869750976562500000000000000
21.222305297851562500000000000000
18.708633422851562500000000000000
25.384586334228515625000000000000
16.447341918945312500000000000000
18.414289474487304687500000000000
22.411628723144531250000000000000
19.454154968261718750000000000000
16.478876113891601562500000000000
22.695661544799804687500000000000
17.104202270507812500000000000000
18.165164947509765625000000000000
18.331136703491210937500000000000
21.763391494750976562500000000000
15.383792877197265625000000000000
21.860263824462890625000000000000
20.282274246215820312500000000000
15.915192604064941406250000000000
16.578678131103515625000000000000
14.306915283203125000000000000000
20.701377868652343750000000000000
11.868673324584960937500000000000
18.292503356933593750000000000000
23.029659271240234375000000000000
19.082302093505859375000000000000
18.750558853149414062500000000000
18.801834106445312500000000000000
18.801084518432617187500000000000
16.073612213134765625000000000000
38.106735229492187500000000000000
18.988609313964843750000000000000
18.837419509887695312500000000000
20.638938903808593750000000000000
13.871863365173339843750000000000
19.983806610107421875000000000000
14.253507614135742187500000000000
24.591329574584960937500000000000
22.336547851562500000000000000000
25.377840042114257812500000000000
24.084348678588867187500000000000
26.248456954956054687500000000000
14.833791732788085937500000000000
14.026902198791503906250000000000
19.723091125488281250000000000000
27.167417526245117187500000000000
10.657175064086914062500000000000
14.664962768554687500000000000000
22.128505706787109375000000000000
17.117172241210937500000000000000
21.520578384399414062500000000000
14.691578865051269531250000000000
18.646720886230468750000000000000
24.101448059082031250000000000000
17.425045013427734375000000000000
14.570573806762695312500000000000
15.781578063964843750000000000000
21.889965057373046875000000000000
16.989610671997070312500000000000
14.033543586730957031250000000000
20.056272506713867187500000000000
18.071783065795898437500000000000
19.043668746948242187500000000000
20.843612670898437500000000000000
16.107217788696289062500000000000
10.160527229309082031250000000000
18.714290618896484375000000000000
18.362434387207031250000000000000
23.843105316162109375000000000000
25.631185531616210937500000000000
21.149414062500000000000000000000
21.212987899780273437500000000000
14.127350807189941406250000000000
18.089082717895507812500000000000
11.514030456542968750000000000000
17.148981094360351562500000000000
17.930286407470703125000000000000
18.219074249267578125000000000000
23.904556274414062500000000000000
31.605089187622070312500000000000
15.121006965637207031250000000000
11.023746490478515625000000000000
21.878181457519531250000000000000
17.413755416870117187500000000000
12.536033630371093750000000000000
16.519926071166992187500000000000
15.896476745605468750000000000000
17.750534057617187500000000000000
17.298271179199218750000000000000
18.502590179443359375000000000000
12.391836166381835937500000000000
16.156475067138671875000000000000
17.884754180908203125000000000000
15.819736480712890625000000000000
19.154987335205078125000000000000
30.522045135498046875000000000000
15.681069374084472656250000000000
21.155559539794921875000000000000
16.155395507812500000000000000000
18.448310852050781250000000000000
29.426044464111328125000000000000
24.100677490234375000000000000000
25.607837677001953125000000000000
28.357673645019531250000000000000
27.974403381347656250000000000000
18.152177810668945312500000000000
17.758094787597656250000000000000
14.658849716186523437500000000000
11.775377273559570312500000000000
17.611553192138671875000000000000
20.488922119140625000000000000000
18.781036376953125000000000000000
13.116882324218750000000000000000
13.844642639160156250000000000000
26.577476501464843750000000000000
26.151809692382812500000000000000
9.886475563049316406250000000000
20.054824829101562500000000000000
14.873899459838867187500000000000
26.365028381347656250000000000000
18.750581741333007812500000000000
19.764448165893554687500000000000
19.814268112182617187500000000000
17.312244415283203125000000000000
21.479139328002929687500000000000
20.186429977416992187500000000000
21.508157730102539062500000000000
25.022594451904296875000000000000
13.378604888916015625000000000000
16.361881256103515625000000000000
31.470291137695312500000000000000
18.511138916015625000000000000000
16.269180297851562500000000000000
18.230112075805664062500000000000
15.208119392395019531250000000000
27.247367858886718750000000000000
19.202121734619140625000000000000
18.738605499267578125000000000000
17.697751998901367187500000000000
17.085105895996093750000000000000
23.910381317138671875000000000000
17.915367126464843750000000000000
19.927736282348632812500000000000
15.343457221984863281250000000000
19.867424011230468750000000000000
23.607124328613281250000000000000
15.347083091735839843750000000000
17.824584960937500000000000000000
18.252922058105468750000000000000
13.957939147949218750000000000000
21.100311279296875000000000000000
28.942487716674804687500000000000
19.025436401367187500000000000000
26.607614517211914062500000000000
10.128009796142578125000000000000
19.668239593505859375000000000000
19.759521484375000000000000000000
28.955221176147460937500000000000
19.532432556152343750000000000000
16.205398559570312500000000000000
20.270092010498046875000000000000
11.323540687561035156250000000000
30.246265411376953125000000000000
29.557926177978515625000000000000
18.156961441040039062500000000000
26.933637619018554687500000000000
21.013084411621093750000000000000
14.763254165649414062500000000000
20.520374298095703125000000000000
17.003065109252929687500000000000
18.205900192260742187500000000000
26.179450988769531250000000000000
16.439683914184570312500000000000
10.342782974243164062500000000000
17.847629547119140625000000000000
19.490684509277343750000000000000
21.676677703857421875000000000000
20.056692123413085937500000000000
16.330856323242187500000000000000
19.395568847656250000000000000000
17.114387512207031250000000000000
18.194417953491210937500000000000
12.778014183044433593750000000000
13.948895454406738281250000000000
14.445714950561523437500000000000
18.767490386962890625000000000000
17.615102767944335937500000000000
15.591156005859375000000000000000
18.664350509643554687500000000000
9.613236427307128906250000000000
14.511347770690917968750000000000
22.912643432617187500000000000000
16.634534835815429687500000000000
17.734760284423828125000000000000
19.500997543334960937500000000000
21.027557373046875000000000000000
19.785736083984375000000000000000
19.685617446899414062500000000000
27.070363998413085937500000000000
19.031063079833984375000000000000
19.175714492797851562500000000000
17.263835906982421875000000000000
20.934415817260742187500000000000
16.241783142089843750000000000000
24.718519210815429687500000000000
21.181644439697265625000000000000
18.843414306640625000000000000000
23.545562744140625000000000000000
25.360700607299804687500000000000
16.524497985839843750000000000000
21.020378112792968750000000000000
26.196485519409179687500000000000
30.807912826538085937500000000000
21.086303710937500000000000000000
17.506715774536132812500000000000
15.220449447631835937500000000000
15.789772987365722656250000000000
18.063573837280273437500000000000
25.640361785888671875000000000000
19.319789886474609375000000000000
16.142112731933593750000000000000
28.301548004150390625000000000000
19.776472091674804687500000000000
14.134962081909179687500000000000
24.358238220214843750000000000000
18.938161849975585937500000000000
15.511582374572753906250000000000
28.781806945800781250000000000000
16.309701919555664062500000000000
21.389211654663085937500000000000
14.844340324401855468750000000000
23.935056686401367187500000000000
21.695318222045898437500000000000
18.786279678344726562500000000000
21.415748596191406250000000000000
20.051330566406250000000000000000
27.631710052490234375000000000000
19.427824020385742187500000000000
21.462923049926757812500000000000
27.894092559814453125000000000000
22.444971084594726562500000000000
14.332196235656738281250000000000
18.441551208496093750000000000000
25.518350601196289062500000000000
18.715251922607421875000000000000
16.954679489135742187500000000000
29.809070587158203125000000000000
20.849739074707031250000000000000
40.148593902587890625000000000000
19.592090606689453125000000000000
17.028553009033203125000000000000
23.196031570434570312500000000000
16.290267944335937500000000000000
14.578915596008300781250000000000
16.153030395507812500000000000000
26.202705383300781250000000000000
15.184392929077148437500000000000
19.403888702392578125000000000000
16.055013656616210937500000000000
16.008274078369140625000000000000
17.085769653320312500000000000000
19.018566131591796875000000000000
32.337600708007812500000000000000
20.881114959716796875000000000000
17.382781982421875000000000000000
15.622761726379394531250000000000
12.694499015808105468750000000000
12.662562370300292968750000000000
23.205196380615234375000000000000
19.426963806152343750000000000000
17.941909790039062500000000000000
16.737154006958007812500000000000
14.689276695251464843750000000000
14.052058219909667968750000000000
26.634698867797851562500000000000
27.559337615966796875000000000000
20.481475830078125000000000000000
18.705789566040039062500000000000
24.809799194335937500000000000000
18.503072738647460937500000000000
19.160923004150390625000000000000
18.666759490966796875000000000000
30.532217025756835937500000000000
29.133152008056640625000000000000
12.587876319885253906250000000000
18.428308486938476562500000000000
19.151624679565429687500000000000
19.322792053222656250000000000000
18.052444458007812500000000000000
21.601490020751953125000000000000
14.847114562988281250000000000000
12.822743415832519531250000000000
18.025302886962890625000000000000
16.231710433959960937500000000000
20.228134155273437500000000000000
19.249261856079101562500000000000
18.070705413818359375000000000000
22.399612426757812500000000000000
30.694664001464843750000000000000
21.852394104003906250000000000000
14.723890304565429687500000000000
20.040454864501953125000000000000
13.883613586425781250000000000000
18.789524078369140625000000000000
21.450916290283203125000000000000
16.793052673339843750000000000000
41.311931610107421875000000000000
14.098748207092285156250000000000
13.225262641906738281250000000000
18.164205551147460937500000000000
12.287083625793457031250000000000
17.073032379150390625000000000000
22.661600112915039062500000000000
19.462982177734375000000000000000
18.947885513305664062500000000000
18.213212966918945312500000000000
15.131865501403808593750000000000
14.271038055419921875000000000000
42.739608764648437500000000000000
18.122892379760742187500000000000
15.772569656372070312500000000000
21.215288162231445312500000000000
20.282932281494140625000000000000
22.073406219482421875000000000000
22.373800277709960937500000000000
14.075213432312011718750000000000
19.224771499633789062500000000000
27.177021026611328125000000000000
18.326377868652343750000000000000
14.091555595397949218750000000000
9.938209533691406250000000000000
9.623817443847656250000000000000
10.775788307189941406250000000000
21.516000747680664062500000000000
23.822877883911132812500000000000
17.473745346069335937500000000000
15.934993743896484375000000000000
18.285673141479492187500000000000
16.912290573120117187500000000000
16.696861267089843750000000000000
16.582910537719726562500000000000
19.181224822998046875000000000000
24.026573181152343750000000000000
13.114787101745605468750000000000
15.208476066589355468750000000000
24.155845642089843750000000000000
14.249340057373046875000000000000
16.595891952514648437500000000000
16.852849960327148437500000000000
8.696750640869140625000000000000
17.854856491088867187500000000000
28.984348297119140625000000000000
15.188498497009277343750000000000
11.655962944030761718750000000000
17.847354888916015625000000000000
22.108905792236328125000000000000
20.070533752441406250000000000000
22.119579315185546875000000000000
11.303256034851074218750000000000
