25.363010406494140625000000000000
29.269775390625000000000000000000
27.185585021972656250000000000000
23.480434417724609375000000000000
22.101062774658203125000000000000
23.571151733398437500000000000000
27.103071212768554687500000000000
29.126424789428710937500000000000
31.523746490478515625000000000000
22.195608139038085937500000000000
26.929262161254882812500000000000
45.223033905029296875000000000000
35.316677093505859375000000000000
35.057956695556640625000000000000
21.933073043823242187500000000000
31.174118041992187500000000000000
49.121864318847656250000000000000
6.887535095214843750000000000000
21.608879089355468750000000000000
25.764102935791015625000000000000
29.616409301757812500000000000000
31.756551742553710937500000000000
33.550052642822265625000000000000
35.053588867187500000000000000000
27.491033554077148437500000000000
32.562393188476562500000000000000
51.053569793701171875000000000000
31.794773101806640625000000000000
21.513950347900390625000000000000
16.014080047607421875000000000000
12.247620582580566406250000000000
28.786815643310546875000000000000
21.696289062500000000000000000000
26.396629333496093750000000000000
35.807334899902343750000000000000
14.621173858642578125000000000000
29.151180267333984375000000000000
36.923427581787109375000000000000
21.306821823120117187500000000000
25.323400497436523437500000000000
31.884906768798828125000000000000
34.825012207031250000000000000000
24.458581924438476562500000000000
28.690540313720703125000000000000
11.591363906860351562500000000000
25.869283676147460937500000000000
30.867073059082031250000000000000
25.031387329101562500000000000000
20.792936325073242187500000000000
29.389989852905273437500000000000
19.370286941528320312500000000000
29.669466018676757812500000000000
26.940881729125976562500000000000
47.665374755859375000000000000000
14.500096321105957031250000000000
18.977443695068359375000000000000
26.588941574096679687500000000000
40.556213378906250000000000000000
27.767080307006835937500000000000
22.649263381958007812500000000000
23.216939926147460937500000000000
30.218051910400390625000000000000
50.382453918457031250000000000000
28.114717483520507812500000000000
25.842300415039062500000000000000
24.122465133666992187500000000000
20.857807159423828125000000000000
35.189517974853515625000000000000
22.116331100463867187500000000000
32.560813903808593750000000000000
32.380519866943359375000000000000
22.071678161621093750000000000000
21.593343734741210937500000000000
23.390823364257812500000000000000
27.036621093750000000000000000000
22.900354385375976562500000000000
25.085489273071289062500000000000
20.728126525878906250000000000000
35.218940734863281250000000000000
22.747226715087890625000000000000
25.472023010253906250000000000000
32.367271423339843750000000000000
29.753982543945312500000000000000
26.438934326171875000000000000000
27.032016754150390625000000000000
26.678995132446289062500000000000
28.543411254882812500000000000000
11.869714736938476562500000000000
18.201194763183593750000000000000
34.068721771240234375000000000000
26.339611053466796875000000000000
27.504810333251953125000000000000
18.206125259399414062500000000000
28.334491729736328125000000000000
35.562679290771484375000000000000
52.710079193115234375000000000000
27.594888687133789062500000000000
27.505891799926757812500000000000
26.269788742065429687500000000000
9.359199523925781250000000000000
26.421403884887695312500000000000
28.049137115478515625000000000000
48.778289794921875000000000000000
37.536746978759765625000000000000
31.322246551513671875000000000000
34.697860717773437500000000000000
31.985513687133789062500000000000
35.598419189453125000000000000000
25.608400344848632812500000000000
29.132766723632812500000000000000
30.460834503173828125000000000000
23.357063293457031250000000000000
20.487653732299804687500000000000
30.104137420654296875000000000000
24.309139251708984375000000000000
27.378156661987304687500000000000
36.196735382080078125000000000000
30.384426116943359375000000000000
21.990488052368164062500000000000
35.104225158691406250000000000000
32.461601257324218750000000000000
35.085525512695312500000000000000
19.554113388061523437500000000000
20.164493560791015625000000000000
38.010597229003906250000000000000
29.607532501220703125000000000000
37.297554016113281250000000000000
20.883552551269531250000000000000
23.533872604370117187500000000000
46.018249511718750000000000000000
43.091697692871093750000000000000
27.016883850097656250000000000000
38.901824951171875000000000000000
29.719343185424804687500000000000
23.073198318481445312500000000000
28.467638015747070312500000000000
27.203111648559570312500000000000
31.115081787109375000000000000000
19.927787780761718750000000000000
28.235414505004882812500000000000
52.196186065673828125000000000000
25.619739532470703125000000000000
24.678632736206054687500000000000
37.302284240722656250000000000000
26.751371383666992187500000000000
23.281520843505859375000000000000
20.683862686157226562500000000000
29.881902694702148437500000000000
26.329500198364257812500000000000
26.902650833129882812500000000000
32.647563934326171875000000000000
24.318178176879882812500000000000
14.488132476806640625000000000000
43.704769134521484375000000000000
29.332355499267578125000000000000
27.173519134521484375000000000000
26.314851760864257812500000000000
28.024765014648437500000000000000
27.972352981567382812500000000000
25.976745605468750000000000000000
26.267639160156250000000000000000
28.649078369140625000000000000000
38.039241790771484375000000000000
19.126548767089843750000000000000
30.199275970458984375000000000000
26.784553527832031250000000000000
28.593593597412109375000000000000
29.293058395385742187500000000000
8.145996093750000000000000000000
28.363933563232421875000000000000
33.668910980224609375000000000000
24.184810638427734375000000000000
26.008852005004882812500000000000
28.954521179199218750000000000000
34.084701538085937500000000000000
23.082920074462890625000000000000
34.982299804687500000000000000000
30.725357055664062500000000000000
25.836170196533203125000000000000
29.120395660400390625000000000000
24.575685501098632812500000000000
34.108711242675781250000000000000
28.369705200195312500000000000000
28.025016784667968750000000000000
26.517810821533203125000000000000
26.711179733276367187500000000000
27.920101165771484375000000000000
17.369834899902343750000000000000
22.180570602416992187500000000000
25.996559143066406250000000000000
30.638477325439453125000000000000
23.424669265747070312500000000000
20.880367279052734375000000000000
50.765716552734375000000000000000
21.706258773803710937500000000000
20.415983200073242187500000000000
21.515159606933593750000000000000
25.773742675781250000000000000000
35.101989746093750000000000000000
23.994899749755859375000000000000
24.756668090820312500000000000000
25.503271102905273437500000000000
23.376905441284179687500000000000
21.929317474365234375000000000000
26.809268951416015625000000000000
14.240007400512695312500000000000
32.249893188476562500000000000000
25.483833312988281250000000000000
38.352443695068359375000000000000
24.951963424682617187500000000000
26.238212585449218750000000000000
22.910140991210937500000000000000
26.191257476806640625000000000000
26.120407104492187500000000000000
25.335760116577148437500000000000
29.380464553833007812500000000000
45.934284210205078125000000000000
19.937644958496093750000000000000
30.072980880737304687500000000000
26.278499603271484375000000000000
21.828815460205078125000000000000
18.512563705444335937500000000000
26.136243820190429687500000000000
31.298053741455078125000000000000
23.438291549682617187500000000000
27.425418853759765625000000000000
22.152750015258789062500000000000
25.674030303955078125000000000000
46.363830566406250000000000000000
18.676570892333984375000000000000
33.979476928710937500000000000000
29.200817108154296875000000000000
22.263942718505859375000000000000
22.460248947143554687500000000000
29.801317214965820312500000000000
27.937000274658203125000000000000
22.675724029541015625000000000000
18.917648315429687500000000000000
24.158712387084960937500000000000
20.435203552246093750000000000000
29.919130325317382812500000000000
22.940107345581054687500000000000
31.829868316650390625000000000000
22.523717880249023437500000000000
32.720264434814453125000000000000
33.853340148925781250000000000000
24.436443328857421875000000000000
25.476205825805664062500000000000
38.755607604980468750000000000000
34.932327270507812500000000000000
22.765506744384765625000000000000
26.683542251586914062500000000000
25.427785873413085937500000000000
22.633413314819335937500000000000
21.363302230834960937500000000000
31.198631286621093750000000000000
33.973094940185546875000000000000
28.854526519775390625000000000000
25.016832351684570312500000000000
28.850273132324218750000000000000
19.775356292724609375000000000000
23.925546646118164062500000000000
29.821199417114257812500000000000
50.597255706787109375000000000000
36.958862304687500000000000000000
33.139743804931640625000000000000
30.313674926757812500000000000000
30.050521850585937500000000000000
24.806957244873046875000000000000
19.138973236083984375000000000000
28.329048156738281250000000000000
38.425041198730468750000000000000
21.845294952392578125000000000000
23.662027359008789062500000000000
30.685377120971679687500000000000
26.209178924560546875000000000000
24.963291168212890625000000000000
29.992784500122070312500000000000
31.015829086303710937500000000000
27.617811203002929687500000000000
24.937894821166992187500000000000
55.321598052978515625000000000000
28.396402359008789062500000000000
27.575607299804687500000000000000
31.505403518676757812500000000000
39.163452148437500000000000000000
44.018058776855468750000000000000
18.290069580078125000000000000000
25.676256179809570312500000000000
23.720830917358398437500000000000
13.347912788391113281250000000000
31.176696777343750000000000000000
22.428037643432617187500000000000
24.539878845214843750000000000000
27.487043380737304687500000000000
15.526581764221191406250000000000
22.977493286132812500000000000000
29.894075393676757812500000000000
45.676948547363281250000000000000
33.479827880859375000000000000000
28.100938796997070312500000000000
22.639537811279296875000000000000
33.833961486816406250000000000000
37.820289611816406250000000000000
22.661918640136718750000000000000
24.138067245483398437500000000000
29.031095504760742187500000000000
25.691610336303710937500000000000
39.077331542968750000000000000000
25.161800384521484375000000000000
27.254325866699218750000000000000
33.496829986572265625000000000000
22.943265914916992187500000000000
29.853652954101562500000000000000
25.742240905761718750000000000000
29.719642639160156250000000000000
43.790855407714843750000000000000
29.859327316284179687500000000000
32.987144470214843750000000000000
26.732128143310546875000000000000
25.742879867553710937500000000000
24.800548553466796875000000000000
25.367565155029296875000000000000
24.230592727661132812500000000000
15.729861259460449218750000000000
19.359006881713867187500000000000
31.347026824951171875000000000000
21.375740051269531250000000000000
29.543687820434570312500000000000
32.131347656250000000000000000000
35.592964172363281250000000000000
22.830862045288085937500000000000
24.818635940551757812500000000000
32.922374725341796875000000000000
25.229282379150390625000000000000
27.669034957885742187500000000000
25.610807418823242187500000000000
22.123374938964843750000000000000
25.435844421386718750000000000000
27.918750762939453125000000000000
43.319297790527343750000000000000
29.780399322509765625000000000000
19.061367034912109375000000000000
15.428174972534179687500000000000
19.507448196411132812500000000000
19.924785614013671875000000000000
20.269895553588867187500000000000
23.127666473388671875000000000000
15.270937919616699218750000000000
16.454072952270507812500000000000
26.272840499877929687500000000000
25.367824554443359375000000000000
26.675045013427734375000000000000
20.213308334350585937500000000000
31.542953491210937500000000000000
18.745723724365234375000000000000
25.245325088500976562500000000000
26.250463485717773437500000000000
26.196735382080078125000000000000
36.964012145996093750000000000000
28.255704879760742187500000000000
18.094284057617187500000000000000
25.893678665161132812500000000000
28.162475585937500000000000000000
26.728343963623046875000000000000
27.897590637207031250000000000000
31.011047363281250000000000000000
24.547370910644531250000000000000
24.243881225585937500000000000000
26.958028793334960937500000000000
20.420755386352539062500000000000
27.040151596069335937500000000000
34.166873931884765625000000000000
29.040906906127929687500000000000
30.401569366455078125000000000000
42.777786254882812500000000000000
28.016920089721679687500000000000
24.361875534057617187500000000000
33.253372192382812500000000000000
33.897483825683593750000000000000
31.699098587036132812500000000000
30.440280914306640625000000000000
17.079233169555664062500000000000
37.255233764648437500000000000000
24.081861495971679687500000000000
41.718818664550781250000000000000
26.579139709472656250000000000000
24.277462005615234375000000000000
50.410129547119140625000000000000
18.356382369995117187500000000000
31.963928222656250000000000000000
31.434549331665039062500000000000
27.594425201416015625000000000000
25.916488647460937500000000000000
28.389184951782226562500000000000
16.361797332763671875000000000000
42.245677947998046875000000000000
32.540008544921875000000000000000
21.763023376464843750000000000000
26.056125640869140625000000000000
25.800468444824218750000000000000
31.644716262817382812500000000000
19.318450927734375000000000000000
27.177467346191406250000000000000
38.138347625732421875000000000000
25.687503814697265625000000000000
24.931732177734375000000000000000
27.469871520996093750000000000000
27.461374282836914062500000000000
28.904415130615234375000000000000
27.330944061279296875000000000000
24.454219818115234375000000000000
30.252441406250000000000000000000
27.315288543701171875000000000000
25.768606185913085937500000000000
31.699316024780273437500000000000
20.900619506835937500000000000000
20.335182189941406250000000000000
27.695833206176757812500000000000
18.851844787597656250000000000000
25.226610183715820312500000000000
34.956317901611328125000000000000
27.337482452392578125000000000000
31.175167083740234375000000000000
17.054706573486328125000000000000
31.719331741333007812500000000000
23.514595031738281250000000000000
28.117378234863281250000000000000
42.113754272460937500000000000000
31.217941284179687500000000000000
28.765172958374023437500000000000
41.359634399414062500000000000000
24.845056533813476562500000000000
27.454692840576171875000000000000
29.494880676269531250000000000000
22.693193435668945312500000000000
23.668273925781250000000000000000
25.258852005004882812500000000000
13.546663284301757812500000000000
27.103326797485351562500000000000
32.643527984619140625000000000000
15.474194526672363281250000000000
40.314994812011718750000000000000
25.787410736083984375000000000000
31.037361145019531250000000000000
28.000690460205078125000000000000
30.050470352172851562500000000000
27.910955429077148437500000000000
26.078981399536132812500000000000
21.882099151611328125000000000000
23.190402984619140625000000000000
19.265460968017578125000000000000
28.116033554077148437500000000000
22.270217895507812500000000000000
24.584800720214843750000000000000
25.142023086547851562500000000000
22.212650299072265625000000000000
36.536678314208984375000000000000
31.411380767822265625000000000000
35.571300506591796875000000000000
26.079732894897460937500000000000
25.600387573242187500000000000000
32.560806274414062500000000000000
32.525257110595703125000000000000
22.515556335449218750000000000000
39.477035522460937500000000000000
30.340568542480468750000000000000
19.953029632568359375000000000000
26.551240921020507812500000000000
23.357995986938476562500000000000
36.666545867919921875000000000000
16.259592056274414062500000000000
26.197568893432617187500000000000
22.779924392700195312500000000000
33.138870239257812500000000000000
22.230342864990234375000000000000
28.057826995849609375000000000000
18.113174438476562500000000000000
21.212991714477539062500000000000
23.453517913818359375000000000000
27.854446411132812500000000000000
31.104021072387695312500000000000
35.209930419921875000000000000000
36.735393524169921875000000000000
29.753549575805664062500000000000
34.474121093750000000000000000000
47.777748107910156250000000000000
38.828426361083984375000000000000
34.380744934082031250000000000000
19.801832199096679687500000000000
40.716537475585937500000000000000
21.179264068603515625000000000000
25.627666473388671875000000000000
27.708730697631835937500000000000
32.665916442871093750000000000000
26.521881103515625000000000000000
29.018312454223632812500000000000
30.069580078125000000000000000000
24.994239807128906250000000000000
26.475412368774414062500000000000
30.131988525390625000000000000000
26.462594985961914062500000000000
27.062274932861328125000000000000
23.064950942993164062500000000000
28.028457641601562500000000000000
23.621767044067382812500000000000
44.228393554687500000000000000000
33.828903198242187500000000000000
35.701145172119140625000000000000
30.560293197631835937500000000000
31.424869537353515625000000000000
26.735666275024414062500000000000
26.723274230957031250000000000000
23.631700515747070312500000000000
28.040626525878906250000000000000
20.225301742553710937500000000000
23.405939102172851562500000000000
24.217288970947265625000000000000
25.601062774658203125000000000000
30.225624084472656250000000000000
28.583999633789062500000000000000
24.699640274047851562500000000000
34.725032806396484375000000000000
20.639854431152343750000000000000
16.489019393920898437500000000000
21.181499481201171875000000000000
20.171169281005859375000000000000
23.805625915527343750000000000000
33.877700805664062500000000000000
22.684587478637695312500000000000
23.801502227783203125000000000000
24.003583908081054687500000000000
30.674457550048828125000000000000
42.318939208984375000000000000000
33.369319915771484375000000000000
24.377128601074218750000000000000
28.110179901123046875000000000000
42.275348663330078125000000000000
27.813995361328125000000000000000
22.172666549682617187500000000000
28.568721771240234375000000000000
29.770809173583984375000000000000
27.888425827026367187500000000000
25.141016006469726562500000000000
28.540407180786132812500000000000
30.036148071289062500000000000000
29.351942062377929687500000000000
24.765642166137695312500000000000
29.336454391479492187500000000000
28.664997100830078125000000000000
33.941757202148437500000000000000
30.763423919677734375000000000000
23.989587783813476562500000000000
28.687599182128906250000000000000
28.903842926025390625000000000000
15.964210510253906250000000000000
49.079357147216796875000000000000
14.549560546875000000000000000000
21.795896530151367187500000000000
28.928012847900390625000000000000
31.593868255615234375000000000000
31.249740600585937500000000000000
30.431732177734375000000000000000
42.501438140869140625000000000000
25.166824340820312500000000000000
26.941566467285156250000000000000
28.505977630615234375000000000000
27.765804290771484375000000000000
28.331832885742187500000000000000
29.756912231445312500000000000000
19.490140914916992187500000000000
33.125362396240234375000000000000
28.798133850097656250000000000000
28.150177001953125000000000000000
23.809104919433593750000000000000
26.667348861694335937500000000000
36.304500579833984375000000000000
42.812267303466796875000000000000
30.458059310913085937500000000000
23.737768173217773437500000000000
25.107641220092773437500000000000
23.730123519897460937500000000000
38.810096740722656250000000000000
30.961805343627929687500000000000
20.244478225708007812500000000000
28.222524642944335937500000000000
26.316165924072265625000000000000
30.292362213134765625000000000000
20.811397552490234375000000000000
29.641643524169921875000000000000
13.499219894409179687500000000000
28.909673690795898437500000000000
36.544357299804687500000000000000
18.821052551269531250000000000000
27.654010772705078125000000000000
29.756202697753906250000000000000
26.064861297607421875000000000000
43.668128967285156250000000000000
32.930015563964843750000000000000
23.101898193359375000000000000000
29.491149902343750000000000000000
18.982511520385742187500000000000
31.162204742431640625000000000000
40.862445831298828125000000000000
36.928356170654296875000000000000
37.269714355468750000000000000000
42.523601531982421875000000000000
26.171707153320312500000000000000
24.041751861572265625000000000000
27.893774032592773437500000000000
18.235424041748046875000000000000
21.998867034912109375000000000000
30.883800506591796875000000000000
32.103630065917968750000000000000
22.982013702392578125000000000000
24.077451705932617187500000000000
18.178161621093750000000000000000
17.166034698486328125000000000000
21.340122222900390625000000000000
25.690174102783203125000000000000
24.817293167114257812500000000000
34.143165588378906250000000000000
48.357120513916015625000000000000
35.429340362548828125000000000000
26.227819442749023437500000000000
24.447744369506835937500000000000
20.820981979370117187500000000000
23.538780212402343750000000000000
23.810714721679687500000000000000
28.656471252441406250000000000000
30.853172302246093750000000000000
19.773149490356445312500000000000
45.380363464355468750000000000000
24.298030853271484375000000000000
21.424356460571289062500000000000
39.891799926757812500000000000000
25.737277984619140625000000000000
31.046779632568359375000000000000
25.939983367919921875000000000000
46.656303405761718750000000000000
32.079956054687500000000000000000
30.404312133789062500000000000000
40.952785491943359375000000000000
30.578815460205078125000000000000
25.314901351928710937500000000000
35.308525085449218750000000000000
27.561960220336914062500000000000
23.299604415893554687500000000000
30.269571304321289062500000000000
27.433521270751953125000000000000
28.542339324951171875000000000000
33.853736877441406250000000000000
18.643638610839843750000000000000
27.252296447753906250000000000000
23.641883850097656250000000000000
36.912097930908203125000000000000
25.743679046630859375000000000000
30.166324615478515625000000000000
28.540281295776367187500000000000
24.552644729614257812500000000000
25.419246673583984375000000000000
21.062860488891601562500000000000
32.609642028808593750000000000000
22.003768920898437500000000000000
25.962543487548828125000000000000
31.738832473754882812500000000000
25.396768569946289062500000000000
28.916099548339843750000000000000
23.329956054687500000000000000000
25.269794464111328125000000000000
24.456579208374023437500000000000
51.716274261474609375000000000000
30.267574310302734375000000000000
28.992923736572265625000000000000
30.409273147583007812500000000000
19.542085647583007812500000000000
28.721673965454101562500000000000
22.888040542602539062500000000000
31.323631286621093750000000000000
29.510301589965820312500000000000
35.651451110839843750000000000000
32.772705078125000000000000000000
38.444412231445312500000000000000
23.218925476074218750000000000000
27.941869735717773437500000000000
27.518404006958007812500000000000
41.368976593017578125000000000000
16.630414962768554687500000000000
19.562999725341796875000000000000
34.652824401855468750000000000000
28.141340255737304687500000000000
33.577899932861328125000000000000
24.898923873901367187500000000000
31.617568969726562500000000000000
40.126510620117187500000000000000
28.003335952758789062500000000000
18.211780548095703125000000000000
23.586839675903320312500000000000
34.015560150146484375000000000000
26.823802947998046875000000000000
21.243263244628906250000000000000
27.671962738037109375000000000000
27.005859375000000000000000000000
26.182001113891601562500000000000
25.020631790161132812500000000000
27.250673294067382812500000000000
26.900930404663085937500000000000
24.508163452148437500000000000000
28.760036468505859375000000000000
49.789733886718750000000000000000
43.330966949462890625000000000000
29.316516876220703125000000000000
30.124599456787109375000000000000
24.784576416015625000000000000000
28.770900726318359375000000000000
13.952665328979492187500000000000
24.629215240478515625000000000000
28.591211318969726562500000000000
21.646093368530273437500000000000
36.965267181396484375000000000000
39.429286956787109375000000000000
23.709260940551757812500000000000
25.192216873168945312500000000000
34.059135437011718750000000000000
27.150608062744140625000000000000
13.220363616943359375000000000000
25.570365905761718750000000000000
23.705253601074218750000000000000
26.104961395263671875000000000000
24.048439025878906250000000000000
28.054048538208007812500000000000
16.642091751098632812500000000000
21.352001190185546875000000000000
26.001293182373046875000000000000
21.697471618652343750000000000000
33.457469940185546875000000000000
47.282356262207031250000000000000
26.394199371337890625000000000000
30.655498504638671875000000000000
21.751823425292968750000000000000
22.611948013305664062500000000000
38.593078613281250000000000000000
38.169464111328125000000000000000
39.096420288085937500000000000000
39.326766967773437500000000000000
38.591445922851562500000000000000
34.383354187011718750000000000000
23.828950881958007812500000000000
21.748617172241210937500000000000
18.656028747558593750000000000000
23.604923248291015625000000000000
32.495883941650390625000000000000
24.197774887084960937500000000000
22.300552368164062500000000000000
19.579561233520507812500000000000
37.446502685546875000000000000000
35.579658508300781250000000000000
28.974441528320312500000000000000
26.004804611206054687500000000000
19.571355819702148437500000000000
40.877494812011718750000000000000
22.654655456542968750000000000000
28.887825012207031250000000000000
33.492015838623046875000000000000
19.399806976318359375000000000000
28.910161972045898437500000000000
28.918357849121093750000000000000
28.378105163574218750000000000000
41.522304534912109375000000000000
16.986284255981445312500000000000
23.848312377929687500000000000000
45.673976898193359375000000000000
27.737531661987304687500000000000
26.831703186035156250000000000000
29.418598175048828125000000000000
27.343683242797851562500000000000
40.563133239746093750000000000000
27.814062118530273437500000000000
30.467149734497070312500000000000
34.098758697509765625000000000000
26.628255844116210937500000000000
35.214042663574218750000000000000
26.403503417968750000000000000000
32.851486206054687500000000000000
22.163223266601562500000000000000
28.894544601440429687500000000000
35.949939727783203125000000000000
19.055032730102539062500000000000
26.280607223510742187500000000000
25.799592971801757812500000000000
22.999191284179687500000000000000
35.129013061523437500000000000000
42.393947601318359375000000000000
28.083942413330078125000000000000
38.139209747314453125000000000000
11.413862228393554687500000000000
29.976268768310546875000000000000
25.559619903564453125000000000000
36.479911804199218750000000000000
28.430383682250976562500000000000
22.938871383666992187500000000000
25.696813583374023437500000000000
17.169605255126953125000000000000
43.924171447753906250000000000000
36.691604614257812500000000000000
26.079242706298828125000000000000
34.548969268798828125000000000000
27.008266448974609375000000000000
23.445714950561523437500000000000
31.000219345092773437500000000000
23.128011703491210937500000000000
27.592857360839843750000000000000
39.537353515625000000000000000000
19.196191787719726562500000000000
11.713215827941894531250000000000
25.533740997314453125000000000000
27.766452789306640625000000000000
26.507963180541992187500000000000
29.235038757324218750000000000000
24.404403686523437500000000000000
30.193025588989257812500000000000
25.868516921997070312500000000000
22.066120147705078125000000000000
19.138833999633789062500000000000
18.329513549804687500000000000000
28.596611022949218750000000000000
29.724979400634765625000000000000
22.308538436889648437500000000000
21.161779403686523437500000000000
26.003667831420898437500000000000
22.714929580688476562500000000000
21.441761016845703125000000000000
33.430629730224609375000000000000
24.042900085449218750000000000000
25.177171707153320312500000000000
32.517581939697265625000000000000
33.575283050537109375000000000000
28.632169723510742187500000000000
28.811447143554687500000000000000
43.991962432861328125000000000000
27.826028823852539062500000000000
29.465360641479492187500000000000
30.026039123535156250000000000000
25.628421783447265625000000000000
23.807178497314453125000000000000
39.468753814697265625000000000000
23.395719528198242187500000000000
32.557842254638671875000000000000
39.566970825195312500000000000000
38.563873291015625000000000000000
22.511764526367187500000000000000
28.402151107788085937500000000000
33.722053527832031250000000000000
43.956108093261718750000000000000
29.388923645019531250000000000000
29.643281936645507812500000000000
23.461811065673828125000000000000
22.659114837646484375000000000000
33.867923736572265625000000000000
33.861988067626953125000000000000
37.804759979248046875000000000000
19.533939361572265625000000000000
38.065326690673828125000000000000
29.334861755371093750000000000000
25.853622436523437500000000000000
40.013988494873046875000000000000
27.878261566162109375000000000000
24.261070251464843750000000000000
38.213905334472656250000000000000
27.944259643554687500000000000000
37.695926666259765625000000000000
23.457872390747070312500000000000
37.121341705322265625000000000000
31.285707473754882812500000000000
26.838611602783203125000000000000
39.288642883300781250000000000000
25.712106704711914062500000000000
41.506946563720703125000000000000
29.720571517944335937500000000000
30.744092941284179687500000000000
45.657455444335937500000000000000
32.570873260498046875000000000000
20.824464797973632812500000000000
26.094158172607421875000000000000
37.635185241699218750000000000000
27.265768051147460937500000000000
22.943382263183593750000000000000
48.643756866455078125000000000000
35.132991790771484375000000000000
58.035064697265625000000000000000
27.195262908935546875000000000000
24.721815109252929687500000000000
37.281112670898437500000000000000
25.036163330078125000000000000000
19.337135314941406250000000000000
23.878852844238281250000000000000
37.168663024902343750000000000000
24.623735427856445312500000000000
29.201704025268554687500000000000
25.674877166748046875000000000000
20.777620315551757812500000000000
25.887243270874023437500000000000
27.300937652587890625000000000000
43.628479003906250000000000000000
29.225799560546875000000000000000
23.800346374511718750000000000000
22.943065643310546875000000000000
28.002485275268554687500000000000
18.445785522460937500000000000000
30.025735855102539062500000000000
31.521333694458007812500000000000
27.733959197998046875000000000000
23.736434936523437500000000000000
24.827358245849609375000000000000
20.139125823974609375000000000000
35.785896301269531250000000000000
43.557514190673828125000000000000
28.267971038818359375000000000000
25.981830596923828125000000000000
36.760921478271484375000000000000
28.908859252929687500000000000000
26.550903320312500000000000000000
24.885276794433593750000000000000
37.354774475097656250000000000000
39.482543945312500000000000000000
21.829435348510742187500000000000
28.338798522949218750000000000000
27.318870544433593750000000000000
22.976379394531250000000000000000
27.021074295043945312500000000000
34.802444458007812500000000000000
23.047340393066406250000000000000
20.514175415039062500000000000000
26.177820205688476562500000000000
22.381656646728515625000000000000
29.543087005615234375000000000000
28.456130981445312500000000000000
25.923030853271484375000000000000
33.575477600097656250000000000000
38.583175659179687500000000000000
28.485668182373046875000000000000
24.478656768798828125000000000000
25.240312576293945312500000000000
22.769363403320312500000000000000
29.791801452636718750000000000000
30.382984161376953125000000000000
23.667646408081054687500000000000
63.012882232666015625000000000000
24.683498382568359375000000000000
18.240129470825195312500000000000
25.132747650146484375000000000000
24.268177032470703125000000000000
30.451515197753906250000000000000
38.929450988769531250000000000000
29.024795532226562500000000000000
29.632492065429687500000000000000
26.500616073608398437500000000000
28.440263748168945312500000000000
16.659025192260742187500000000000
54.625503540039062500000000000000
29.828826904296875000000000000000
22.760314941406250000000000000000
33.644416809082031250000000000000
27.489055633544921875000000000000
37.673259735107421875000000000000
37.513008117675781250000000000000
20.175811767578125000000000000000
32.129203796386718750000000000000
42.807266235351562500000000000000
28.399837493896484375000000000000
20.931135177612304687500000000000
17.507596969604492187500000000000
22.125162124633789062500000000000
24.594097137451171875000000000000
26.558784484863281250000000000000
32.633132934570312500000000000000
29.614147186279296875000000000000
26.678785324096679687500000000000
28.811513900756835937500000000000
25.068798065185546875000000000000
24.643211364746093750000000000000
25.481975555419921875000000000000
30.366834640502929687500000000000
43.210372924804687500000000000000
19.126199722290039062500000000000
25.019908905029296875000000000000
37.051540374755859375000000000000
23.311134338378906250000000000000
26.975015640258789062500000000000
28.468149185180664062500000000000
10.734146118164062500000000000000
30.680679321289062500000000000000
36.271835327148437500000000000000
28.003116607666015625000000000000
23.102249145507812500000000000000
26.764007568359375000000000000000
37.770378112792968750000000000000
26.601631164550781250000000000000
38.271320343017578125000000000000
22.416286468505859375000000000000
